x_degree: 3
y_degree: 3
z_degree: 3
num_x_ctrl_points: 40
num_y_ctrl_points: 40
num_z_ctrl_points: 40
x_knots: 0 0 0 0 0.0263158 0.0526316 0.0789474 0.105263 0.131579 0.157895 0.184211 0.210526 0.236842 0.263158 0.289474 0.315789 0.342105 0.368421 0.394737 0.421053 0.447368 0.473684 0.5 0.526316 0.552632 0.578947 0.605263 0.631579 0.657895 0.684211 0.710526 0.736842 0.763158 0.789474 0.815789 0.842105 0.868421 0.894737 0.921053 0.947368 0.973684 1 1 1 
y_knots: 0 0 0 0 0.0263158 0.0526316 0.0789474 0.105263 0.131579 0.157895 0.184211 0.210526 0.236842 0.263158 0.289474 0.315789 0.342105 0.368421 0.394737 0.421053 0.447368 0.473684 0.5 0.526316 0.552632 0.578947 0.605263 0.631579 0.657895 0.684211 0.710526 0.736842 0.763158 0.789474 0.815789 0.842105 0.868421 0.894737 0.921053 0.947368 0.973684 1 1 1 
z_knots: 0 0 0 0 0.0263158 0.0526316 0.0789474 0.105263 0.131579 0.157895 0.184211 0.210526 0.236842 0.263158 0.289474 0.315789 0.342105 0.368421 0.394737 0.421053 0.447368 0.473684 0.5 0.526316 0.552632 0.578947 0.605263 0.631579 0.657895 0.684211 0.710526 0.736842 0.763158 0.789474 0.815789 0.842105 0.868421 0.894737 0.921053 0.947368 0.973684 1 1 1 
coefficients: 
-0.841473 73.4723 -37.0527 11.5842 -3.78942 1.50292 -0.41216 0.384161 0.0815458 0.257784 0.209604 0.273918 0.277415 0.315649 0.332144 0.362576 0.3828 0.410226 0.431395 0.457359 0.478377 0.503548 0.52374 0.548664 0.567234 0.592879 0.608158 0.63718 0.644242 0.685787 0.66623 0.75885 0.626705 0.973035 0.220024 2.17797 -3.07196 12.3436 -36.2519 74.3001 
73.4723 -6415.16 3235.22 -1011.46 330.869 -131.226 35.9875 -33.5423 -7.11979 -22.5078 -18.301 -23.9164 -24.2218 -27.5601 -29.0003 -31.6574 -33.4232 -35.8179 -37.6662 -39.9333 -41.7683 -43.9661 -45.7292 -47.9054 -49.5268 -51.766 -53.1 -55.6341 -56.2508 -59.8782 -58.1707 -66.2577 -54.7197 -84.9591 -19.2109 -190.167 268.225 -1077.77 3165.3 -6487.43 
-37.0527 3235.22 -1631.55 510.091 -166.86 66.1788 -18.1481 16.9166 3.5916 11.3521 9.23066 12.0627 12.2168 13.9004 14.6269 15.9669 16.8575 18.0653 18.9975 20.1408 21.0663 22.1747 23.0638 24.1613 24.979 26.1082 26.7809 28.0588 28.3698 30.199 29.3378 33.416 27.5971 42.847 9.6894 95.9038 -135.267 543.527 -1596.29 3271.67 
11.5842 -1011.46 510.091 -159.475 52.1683 -20.6891 5.67532 -5.28707 -1.12085 -3.54683 -2.88334 -3.7685 -3.81645 -4.34261 -4.56953 -4.98831 -5.26658 -5.64402 -5.93534 -6.29269 -6.58196 -6.92843 -7.20639 -7.5495 -7.80517 -8.15826 -8.36865 -8.76829 -8.86564 -9.43772 -9.16867 -10.4439 -8.62499 -13.3931 -3.02695 -29.9816 42.2917 -169.928 499.066 -1022.86 
-3.78942 330.869 -166.86 52.1683 -17.0638 6.76966 -1.85418 1.73227 0.369856 1.16385 0.947214 1.23715 1.2532 1.42565 1.5002 1.63747 1.72876 1.85246 1.94795 2.06501 2.15976 2.27319 2.36416 2.47641 2.56001 2.67543 2.74413 2.87468 2.9063 3.09317 3.00483 3.42161 2.82616 4.38539 0.993885 9.81063 -13.832 55.5884 -163.253 334.597 
1.50292 -131.226 66.1788 -20.6891 6.76966 -2.68226 0.738677 -0.683115 -0.142158 -0.456477 -0.36999 -0.484442 -0.490296 -0.558215 -0.587335 -0.641375 -0.677214 -0.725949 -0.763544 -0.809741 -0.847141 -0.892001 -0.928012 -0.972518 -1.00572 -1.05161 -1.07904 -1.13106 -1.14392 -1.21842 -1.18385 -1.34969 -1.11415 -1.73326 -0.388939 -3.88661 5.48932 -22.0445 64.749 -132.704 
-0.41216 35.9875 -18.1481 5.67532 -1.85418 0.738677 -0.19873 0.191913 0.0442717 0.131157 0.108099 0.140116 0.142317 0.161501 0.170005 0.185299 0.195556 0.209299 0.219933 0.232871 0.243336 0.255786 0.265743 0.277962 0.28701 0.299464 0.306776 0.320756 0.323913 0.343889 0.333866 0.378715 0.313397 0.482362 0.112782 1.07097 -1.5014 6.04824 -17.7553 36.3931 
0.384161 -33.5423 16.9166 -5.28707 1.73227 -0.683115 0.191913 -0.170922 -0.0320748 -0.111864 -0.0892249 -0.117973 -0.118989 -0.135899 -0.142925 -0.156355 -0.165172 -0.177324 -0.186672 -0.198264 -0.207656 -0.219004 -0.228143 -0.239509 -0.248043 -0.259879 -0.267057 -0.280588 -0.284172 -0.303582 -0.295182 -0.338081 -0.278458 -0.437367 -0.0944837 -0.98934 1.40634 -5.63255 16.5516 -33.92 
0.0815458 -7.11979 3.5916 -1.12085 0.369856 -0.142158 0.0442717 -0.0320748 -0.00194828 -0.0182535 -0.0128413 -0.018365 -0.0180332 -0.0211095 -0.0221247 -0.0245395 -0.0260179 -0.0282505 -0.0299366 -0.0321507 -0.0339521 -0.0362264 -0.0380916 -0.0404921 -0.042357 -0.0449907 -0.0467061 -0.0498429 -0.0509439 -0.0554819 -0.0541968 -0.0638836 -0.0518925 -0.0863762 -0.0144329 -0.205317 0.302192 -1.19308 3.51476 -7.19978 
0.257784 -22.5078 11.3521 -3.54683 1.16385 -0.456477 0.131157 -0.111864 -0.0182535 -0.0713696 -0.0557701 -0.0746716 -0.0749852 -0.0859875 -0.0903819 -0.0991009 -0.104753 -0.112674 -0.118747 -0.12636 -0.132533 -0.140057 -0.14614 -0.153759 -0.159522 -0.167546 -0.172492 -0.18175 -0.184384 -0.19769 -0.192388 -0.221566 -0.182004 -0.289143 -0.0596223 -0.660727 0.946166 -3.77792 11.1076 -22.7612 
0.209604 -18.301 9.23066 -2.88334 0.947214 -0.36999 0.108099 -0.0892249 -0.0128413 -0.0557701 -0.0428365 -0.0579673 -0.057997 -0.0667319 -0.0701091 -0.0770193 -0.0814531 -0.0877516 -0.0925666 -0.0986555 -0.103596 -0.109659 -0.114575 -0.120765 -0.125473 -0.132048 -0.136148 -0.143785 -0.146067 -0.157058 -0.152953 -0.176916 -0.145022 -0.232446 -0.0461683 -0.53531 0.770835 -3.07078 9.03214 -18.5069 
0.273918 -23.9164 12.0627 -3.7685 1.23715 -0.484442 0.140116 -0.117973 -0.018365 -0.0746716 -0.0579673 -0.0779292 -0.0781466 -0.0897289 -0.0942976 -0.10347 -0.109393 -0.117737 -0.124127 -0.132165 -0.138684 -0.146652 -0.1531 -0.161193 -0.167329 -0.175882 -0.181179 -0.191072 -0.193944 -0.208171 -0.202644 -0.233771 -0.191874 -0.305877 -0.0621694 -0.701092 1.00615 -4.01383 11.8031 -24.1856 
0.277415 -24.2218 12.2168 -3.81645 1.2532 -0.490296 0.142317 -0.118989 -0.0180332 -0.0749852 -0.057997 -0.0781466 -0.0783031 -0.0899737 -0.0945455 -0.103785 -0.109737 -0.118148 -0.124585 -0.132697 -0.139278 -0.147332 -0.153854 -0.16205 -0.168271 -0.176947 -0.182334 -0.192385 -0.195334 -0.209792 -0.204252 -0.235844 -0.193489 -0.309035 -0.0623137 -0.709501 1.01942 -4.06478 11.9539 -24.4943 
0.315649 -27.5601 13.9004 -4.34261 1.42565 -0.558215 0.161501 -0.135899 -0.0211095 -0.0859875 -0.0667319 -0.0897289 -0.0899737 -0.103315 -0.108575 -0.119141 -0.125962 -0.135575 -0.142935 -0.152196 -0.159707 -0.168888 -0.176318 -0.185646 -0.192718 -0.202576 -0.208682 -0.220086 -0.2234 -0.2398 -0.233436 -0.269311 -0.221039 -0.352418 -0.0715903 -0.80786 1.15947 -4.6253 13.6012 -27.8702 
0.332144 -29.0003 14.6269 -4.56953 1.5002 -0.587335 0.170005 -0.142925 -0.0221247 -0.0903819 -0.0701091 -0.0942976 -0.0945455 -0.108575 -0.114102 -0.125212 -0.132383 -0.142492 -0.150232 -0.159973 -0.167873 -0.177532 -0.18535 -0.195166 -0.202609 -0.212984 -0.219414 -0.23142 -0.234913 -0.252178 -0.24549 -0.283251 -0.232468 -0.370726 -0.0752368 -0.85 1.22013 -4.86698 14.3121 -29.3267 
0.362576 -31.6574 15.9669 -4.98831 1.63747 -0.641375 0.185299 -0.156355 -0.0245395 -0.0991009 -0.0770193 -0.10347 -0.103785 -0.119141 -0.125212 -0.137376 -0.145235 -0.156299 -0.164772 -0.175425 -0.184065 -0.194621 -0.203161 -0.213877 -0.221998 -0.233316 -0.24032 -0.253404 -0.257191 -0.276005 -0.268665 -0.309839 -0.254349 -0.405215 -0.0825852 -0.928258 1.33162 -5.31311 15.6232 -32.0137 
0.3828 -33.4232 16.8575 -5.26658 1.72876 -0.677214 0.195556 -0.165172 -0.0260179 -0.104753 -0.0814531 -0.109393 -0.109737 -0.125962 -0.132383 -0.145235 -0.153543 -0.165231 -0.174185 -0.185438 -0.194565 -0.205713 -0.214732 -0.226047 -0.23462 -0.246567 -0.253957 -0.267767 -0.271757 -0.291611 -0.283851 -0.327308 -0.268709 -0.427972 -0.0873267 -0.980149 1.40581 -5.60953 16.4947 -33.7994 
0.410226 -35.8179 18.0653 -5.64402 1.85246 -0.725949 0.209299 -0.177324 -0.0282505 -0.112674 -0.0877516 -0.117737 -0.118148 -0.135575 -0.142492 -0.156299 -0.165231 -0.177784 -0.187402 -0.199481 -0.209277 -0.221234 -0.230906 -0.243033 -0.252217 -0.265011 -0.272917 -0.287696 -0.291947 -0.313192 -0.304838 -0.351366 -0.288517 -0.459133 -0.0940177 -1.05074 1.50624 -6.01163 17.6763 -36.221 
0.431395 -37.6662 18.9975 -5.93534 1.94795 -0.763544 0.219933 -0.186672 -0.0299366 -0.118747 -0.0925666 -0.124127 -0.124585 -0.142935 -0.150232 -0.164772 -0.174185 -0.187402 -0.197532 -0.210246 -0.220557 -0.233138 -0.243313 -0.256067 -0.265724 -0.279173 -0.287478 -0.303008 -0.307463 -0.329785 -0.320977 -0.369878 -0.303754 -0.483139 -0.0991427 -1.10519 1.58379 -6.32197 18.5884 -38.0902 
0.457359 -39.9333 20.1408 -6.29269 2.06501 -0.809741 0.232871 -0.198264 -0.0321507 -0.12636 -0.0986555 -0.132165 -0.132697 -0.152196 -0.159973 -0.175425 -0.185438 -0.199481 -0.210246 -0.223747 -0.234696 -0.248046 -0.258841 -0.272364 -0.282598 -0.296846 -0.305636 -0.322079 -0.326774 -0.350404 -0.341023 -0.392818 -0.322659 -0.512776 -0.105596 -1.17211 1.6788 -6.70269 19.7071 -40.3827 
0.478377 -41.7683 21.0663 -6.58196 2.15976 -0.847141 0.243336 -0.207656 -0.0339521 -0.132533 -0.103596 -0.138684 -0.139278 -0.159707 -0.167873 -0.184065 -0.194565 -0.209277 -0.220557 -0.234696 -0.246161 -0.260135 -0.271431 -0.285578 -0.296279 -0.311175 -0.320357 -0.337538 -0.342426 -0.367115 -0.35727 -0.411407 -0.337978 -0.536781 -0.110833 -1.22629 1.75569 -7.01088 20.6126 -42.2385 
0.503548 -43.9661 22.1747 -6.92843 2.27319 -0.892001 0.255786 -0.219004 -0.0362264 -0.140057 -0.109659 -0.146652 -0.147332 -0.168888 -0.177532 -0.194621 -0.205713 -0.221234 -0.233138 -0.248046 -0.260135 -0.274858 -0.286757 -0.30165 -0.312909 -0.328578 -0.338224 -0.356283 -0.361395 -0.387341 -0.376929 -0.433856 -0.356497 -0.565685 -0.117239 -1.2913 1.8477 -7.38004 21.6971 -44.4611 
0.52374 -45.7292 23.0638 -7.20639 2.36416 -0.928012 0.265743 -0.228143 -0.0380916 -0.14614 -0.114575 -0.1531 -0.153854 -0.176318 -0.18535 -0.203161 -0.214732 -0.230906 -0.243313 -0.258841 -0.271431 -0.286757 -0.299141 -0.314632 -0.326339 -0.342627 -0.352644 -0.371406 -0.376694 -0.403645 -0.392773 -0.451934 -0.371416 -0.588928 -0.122427 -1.34349 1.92147 -7.6762 22.567 -46.244 
0.548664 -47.9054 24.1613 -7.5495 2.47641 -0.972518 0.277962 -0.239509 -0.0404921 -0.153759 -0.120765 -0.161193 -0.16205 -0.185646 -0.195166 -0.213877 -0.226047 -0.243033 -0.256067 -0.272364 -0.285578 -0.30165 -0.314632 -0.330863 -0.343122 -0.36017 -0.370641 -0.390264 -0.395763 -0.423947 -0.412498 -0.474403 -0.389973 -0.617745 -0.128942 -1.40799 2.01246 -8.04181 23.6407 -48.4447 
0.567234 -49.5268 24.979 -7.80517 2.56001 -1.00572 0.28701 -0.248043 -0.042357 -0.159522 -0.125473 -0.167329 -0.168271 -0.192718 -0.202609 -0.221998 -0.23462 -0.252217 -0.265724 -0.282598 -0.296279 -0.312909 -0.326339 -0.343122 -0.35579 -0.373404 -0.384211 -0.404472 -0.410123 -0.439219 -0.427331 -0.491273 -0.403917 -0.639322 -0.133888 -1.45614 2.0802 -8.31426 24.4408 -50.0844 
0.592879 -51.766 26.1082 -8.15826 2.67543 -1.05161 0.299464 -0.259879 -0.0449907 -0.167546 -0.132048 -0.175882 -0.176947 -0.202576 -0.212984 -0.233316 -0.246567 -0.265011 -0.279173 -0.296846 -0.311175 -0.328578 -0.342627 -0.36017 -0.373404 -0.391796 -0.403064 -0.424202 -0.430059 -0.460408 -0.44791 -0.514657 -0.423253 -0.669189 -0.140779 -1.52267 2.1737 -8.69053 25.5456 -52.3489 
0.608158 -53.1 26.7809 -8.36865 2.74413 -1.07904 0.306776 -0.267057 -0.0467061 -0.172492 -0.136148 -0.181179 -0.182334 -0.208682 -0.219414 -0.24032 -0.253957 -0.272917 -0.287478 -0.305636 -0.320357 -0.338224 -0.352644 -0.370641 -0.384211 -0.403064 -0.414601 -0.436254 -0.442223 -0.473307 -0.46043 -0.528831 -0.434995 -0.687182 -0.145059 -1.56245 2.22929 -8.91478 26.2037 -53.6979 
0.63718 -55.6341 28.0588 -8.76829 2.87468 -1.13106 0.320756 -0.280588 -0.0498429 -0.18175 -0.143785 -0.191072 -0.192385 -0.220086 -0.23142 -0.253404 -0.267767 -0.287696 -0.303008 -0.322079 -0.337538 -0.356283 -0.371406 -0.390264 -0.404472 -0.424202 -0.436254 -0.458891 -0.465081 -0.497571 -0.483986 -0.555542 -0.457105 -0.721186 -0.153034 -1.63789 2.33498 -9.34069 27.4539 -56.2606 
0.644242 -56.2508 28.3698 -8.86564 2.9063 -1.14392 0.323913 -0.284172 -0.0509439 -0.184384 -0.146067 -0.193944 -0.195334 -0.2234 -0.234913 -0.257191 -0.271757 -0.291947 -0.307463 -0.326774 -0.342426 -0.361395 -0.376694 -0.395763 -0.410123 -0.430059 -0.442223 -0.465081 -0.471303 -0.504105 -0.490314 -0.562598 -0.462994 -0.729917 -0.155372 -1.65658 2.36045 -9.44451 27.7581 -56.8842 
0.685787 -59.8782 30.199 -9.43772 3.09317 -1.21842 0.343889 -0.303582 -0.0554819 -0.19769 -0.157058 -0.208171 -0.209792 -0.2398 -0.252178 -0.276005 -0.291611 -0.313192 -0.329785 -0.350404 -0.367115 -0.387341 -0.403645 -0.423947 -0.439219 -0.460408 -0.473307 -0.497571 -0.504105 -0.538915 -0.524106 -0.600901 -0.494703 -0.778645 -0.166835 -1.76461 2.51172 -10.0542 29.5477 -60.5525 
0.66623 -58.1707 29.3378 -9.16867 3.00483 -1.18385 0.333866 -0.295182 -0.0541968 -0.192388 -0.152953 -0.202644 -0.204252 -0.233436 -0.24549 -0.268665 -0.283851 -0.304838 -0.320977 -0.341023 -0.35727 -0.376929 -0.392773 -0.412498 -0.427331 -0.44791 -0.46043 -0.483986 -0.490314 -0.524106 -0.509689 -0.584259 -0.481048 -0.756847 -0.162431 -1.71459 2.43986 -9.76764 28.705 -58.8258 
0.75885 -66.2577 33.416 -10.4439 3.42161 -1.34969 0.378715 -0.338081 -0.0638836 -0.221566 -0.176916 -0.233771 -0.235844 -0.269311 -0.283251 -0.309839 -0.327308 -0.351366 -0.369878 -0.392818 -0.411407 -0.433856 -0.451934 -0.474403 -0.491273 -0.514657 -0.528831 -0.555542 -0.562598 -0.600901 -0.584259 -0.668938 -0.551085 -0.864894 -0.187472 -1.955 2.77745 -11.1267 32.695 -67.004 
0.626705 -54.7197 27.5971 -8.62499 2.82616 -1.11415 0.313397 -0.278458 -0.0518925 -0.182004 -0.145022 -0.191874 -0.193489 -0.221039 -0.232468 -0.254349 -0.268709 -0.288517 -0.303754 -0.322659 -0.337978 -0.356497 -0.371416 -0.389973 -0.403917 -0.423253 -0.434995 -0.457105 -0.462994 -0.494703 -0.481048 -0.551085 -0.453873 -0.713168 -0.153858 -1.61375 2.29442 -9.18865 27.0018 -55.3359 
0.973035 -84.9591 42.847 -13.3931 4.38539 -1.73326 0.482362 -0.437367 -0.0863762 -0.289143 -0.232446 -0.305877 -0.309035 -0.352418 -0.370726 -0.405215 -0.427972 -0.459133 -0.483139 -0.512776 -0.536781 -0.565685 -0.588928 -0.617745 -0.639322 -0.669189 -0.687182 -0.721186 -0.729917 -0.778645 -0.756847 -0.864894 -0.713168 -1.11486 -0.245472 -2.51104 3.55808 -14.2694 41.922 -85.9162 
0.220024 -19.2109 9.6894 -3.02695 0.993885 -0.388939 0.112782 -0.0944837 -0.0144329 -0.0596223 -0.0461683 -0.0621694 -0.0623137 -0.0715903 -0.0752368 -0.0825852 -0.0873267 -0.0940177 -0.0991427 -0.105596 -0.110833 -0.117239 -0.122427 -0.128942 -0.133888 -0.140779 -0.145059 -0.153034 -0.155372 -0.166835 -0.162431 -0.187472 -0.153858 -0.245472 -0.0497547 -0.56301 0.808296 -3.22404 9.48083 -19.4271 
2.17797 -190.167 95.9038 -29.9816 9.81063 -3.88661 1.07097 -0.98934 -0.205317 -0.660727 -0.53531 -0.701092 -0.709501 -0.80786 -0.85 -0.928258 -0.980149 -1.05074 -1.10519 -1.17211 -1.22629 -1.2913 -1.34349 -1.40799 -1.45614 -1.52267 -1.56245 -1.63789 -1.65658 -1.76461 -1.71459 -1.955 -1.61375 -2.51104 -0.56301 -5.63182 7.95532 -31.9458 93.8319 -192.31 
-3.07196 268.225 -135.267 42.2917 -13.832 5.48932 -1.5014 1.40634 0.302192 0.946166 0.770835 1.00615 1.01942 1.15947 1.22013 1.33162 1.40581 1.50624 1.58379 1.6788 1.75569 1.8477 1.92147 2.01246 2.0802 2.1737 2.22929 2.33498 2.36045 2.51172 2.43986 2.77745 2.29442 3.55808 0.808296 7.95532 -11.2115 45.0649 -132.344 271.248 
12.3436 -1077.77 543.527 -169.928 55.5884 -22.0445 6.04824 -5.63255 -1.19308 -3.77792 -3.07078 -4.01383 -4.06478 -4.6253 -4.86698 -5.31311 -5.60953 -6.01163 -6.32197 -6.70269 -7.01088 -7.38004 -7.6762 -8.04181 -8.31426 -8.69053 -8.91478 -9.34069 -9.44451 -10.0542 -9.76764 -11.1267 -9.18865 -14.2694 -3.22404 -31.9458 45.0649 -181.067 531.781 -1089.91 
-36.2519 3165.3 -1596.29 499.066 -163.253 64.749 -17.7553 16.5516 3.51476 11.1076 9.03214 11.8031 11.9539 13.6012 14.3121 15.6232 16.4947 17.6763 18.5884 19.7071 20.6126 21.6971 22.567 23.6407 24.4408 25.5456 26.2037 27.4539 27.7581 29.5477 28.705 32.695 27.0018 41.922 9.48083 93.8319 -132.344 531.781 -1561.79 3200.97 
74.3001 -6487.43 3271.67 -1022.86 334.597 -132.704 36.3931 -33.92 -7.19978 -22.7612 -18.5069 -24.1856 -24.4943 -27.8702 -29.3267 -32.0137 -33.7994 -36.221 -38.0902 -40.3827 -42.2385 -44.4611 -46.244 -48.4447 -50.0844 -52.3489 -53.6979 -56.2606 -56.8842 -60.5525 -58.8258 -67.004 -55.3359 -85.9162 -19.4271 -192.31 271.248 -1089.91 3200.97 -6560.54 
73.4723 -6415.16 3235.22 -1011.46 330.869 -131.226 35.9875 -33.5423 -7.11979 -22.5078 -18.301 -23.9164 -24.2218 -27.5601 -29.0003 -31.6574 -33.4232 -35.8179 -37.6662 -39.9333 -41.7683 -43.9661 -45.7292 -47.9054 -49.5268 -51.766 -53.1 -55.6341 -56.2508 -59.8782 -58.1707 -66.2577 -54.7197 -84.9591 -19.2109 -190.167 268.225 -1077.77 3165.3 -6487.43 
-6415.16 560132 -282480 88314.9 -28889.5 11457.8 -3142.23 2928.69 621.631 1965.22 1597.9 2088.2 2114.86 2406.34 2532.09 2764.09 2918.27 3127.35 3288.73 3486.68 3646.9 3838.8 3992.74 4182.75 4324.33 4519.84 4636.32 4857.58 4911.43 5228.15 5079.06 5785.18 4777.75 7418.08 1677.35 16604.2 -23419.8 94103.9 -276375 566443 
3235.22 -282480 142457 -44538 14569.2 -5778.33 1584.59 -1477.04 -313.584 -991.178 -805.949 -1053.22 -1066.68 -1213.68 -1277.11 -1394.11 -1471.87 -1577.32 -1658.72 -1758.55 -1839.35 -1936.13 -2013.77 -2109.59 -2180.99 -2279.58 -2338.32 -2449.9 -2477.05 -2636.77 -2561.57 -2917.66 -2409.6 -3741.12 -846.005 -8373.73 11810.7 -47457.5 139378 -285662 
-1011.46 88314.9 -44538 13924.4 -4555.02 1806.44 -495.538 461.631 97.8618 309.683 251.75 329.037 333.223 379.164 398.977 435.542 459.839 492.794 518.23 549.431 574.688 604.94 629.209 659.167 681.491 712.321 730.692 765.586 774.086 824.037 800.545 911.895 753.076 1169.39 264.291 2617.8 -3692.66 14837.1 -43575.4 89309.9 
330.869 -28889.5 14569.2 -4555.02 1489.91 -591.085 161.896 -151.25 -32.2922 -101.619 -82.7034 -108.019 -109.42 -124.477 -130.986 -142.972 -150.943 -161.743 -170.081 -180.301 -188.574 -198.478 -206.422 -216.222 -223.522 -233.6 -239.598 -250.997 -253.758 -270.074 -262.361 -298.752 -246.761 -382.904 -86.7785 -856.604 1207.73 -4853.64 14254.3 -29215 
-131.226 11457.8 -5778.33 1806.44 -591.085 234.198 -64.4971 59.6449 12.4119 39.8562 32.3046 42.2978 42.8089 48.7391 51.2817 56 59.1292 63.3845 66.667 70.7006 73.9661 77.883 81.0272 84.9132 87.8126 91.8195 94.214 98.7566 99.8793 106.384 103.366 117.846 97.28 151.337 33.9591 339.354 -479.294 1924.79 -5653.48 11586.9 
35.9875 -3142.23 1584.59 -495.538 161.896 -64.4971 17.3522 -16.7566 -3.86536 -11.4517 -9.43836 -12.2339 -12.426 -14.1011 -14.8436 -16.179 -17.0745 -18.2744 -19.2029 -20.3326 -21.2463 -22.3334 -23.2028 -24.2696 -25.0597 -26.1471 -26.7856 -28.0063 -28.2819 -30.0261 -29.151 -33.067 -27.3638 -42.1169 -9.84731 -93.5108 131.094 -528.099 1550.29 -3177.65 
-33.5423 2928.69 -1477.04 461.631 -151.25 59.6449 -16.7566 14.9237 2.80048 9.76711 7.79042 10.3005 10.3892 11.8657 12.4791 13.6518 14.4215 15.4826 16.2988 17.311 18.1309 19.1218 19.9198 20.9121 21.6573 22.6908 23.3175 24.4989 24.8119 26.5066 25.7732 29.5189 24.313 38.1878 8.2496 86.3825 -122.792 491.797 -1445.18 2961.67 
-7.11979 621.631 -313.584 97.8618 -32.2922 12.4119 -3.86536 2.80048 0.170127 1.59374 1.12121 1.60349 1.57452 1.84311 1.93175 2.14259 2.27167 2.4666 2.61381 2.80713 2.96442 3.16298 3.32583 3.53542 3.69825 3.9282 4.07797 4.35184 4.44797 4.84418 4.73198 5.57774 4.53078 7.54156 1.26016 17.9263 -26.3845 104.168 -306.875 628.616 
-22.5078 1965.22 -991.178 309.683 -101.619 39.8562 -11.4517 9.76711 1.59374 6.23145 4.86941 6.51975 6.54713 7.50776 7.89145 8.65273 9.14619 9.83785 10.3681 11.0328 11.5717 12.2288 12.7598 13.4251 13.9282 14.6289 15.0607 15.869 16.099 17.2608 16.7979 19.3455 15.8912 25.2458 5.20576 57.6898 -82.6123 329.86 -969.833 1987.34 
-18.301 1597.9 -805.949 251.75 -82.7034 32.3046 -9.43836 7.79042 1.12121 4.86941 3.74015 5.06125 5.06385 5.82651 6.12138 6.72473 7.11185 7.66179 8.0822 8.61384 9.0452 9.5746 10.0038 10.5442 10.9553 11.5294 11.8874 12.5542 12.7535 13.7131 13.3546 15.4469 12.6622 20.2954 4.03106 46.7391 -67.3033 268.117 -788.616 1615.88 
-23.9164 2088.2 -1053.22 329.037 -108.019 42.2978 -12.2339 10.3005 1.60349 6.51975 5.06125 6.80418 6.82316 7.83443 8.23334 9.03423 9.55133 10.2799 10.8378 11.5396 12.1088 12.8045 13.3675 14.0742 14.6099 15.3567 15.8191 16.683 16.9337 18.1759 17.6933 20.4111 16.753 26.7069 5.42815 61.214 -87.8498 350.457 -1030.55 2111.7 
-24.2218 2114.86 -1066.68 333.223 -109.42 42.8089 -12.426 10.3892 1.57452 6.54713 5.06385 6.82316 6.83682 7.85581 8.25499 9.06169 9.58142 10.3158 10.8778 11.5861 12.1606 12.8639 13.4333 14.149 14.6921 15.4497 15.92 16.7976 17.055 18.3174 17.8337 20.5921 16.894 26.9826 5.44075 61.9482 -89.0083 354.906 -1043.72 2138.66 
-27.5601 2406.34 -1213.68 379.164 -124.477 48.7391 -14.1011 11.8657 1.84311 7.50776 5.82651 7.83443 7.85581 9.02069 9.47996 10.4025 10.9981 11.8373 12.48 13.2886 13.9444 14.746 15.3948 16.2092 16.8266 17.6873 18.2205 19.2163 19.5056 20.9375 20.3819 23.5142 19.2994 30.7705 6.25071 70.5362 -101.236 403.847 -1187.56 2433.42 
-29.0003 2532.09 -1277.11 398.977 -130.986 51.2817 -14.8436 12.4791 1.93175 7.89145 6.12138 8.23334 8.25499 9.47996 9.96251 10.9326 11.5587 12.4413 13.1171 13.9676 14.6574 15.5008 16.1834 17.0404 17.6902 18.5962 19.1575 20.2058 20.5108 22.0182 21.4343 24.7313 20.2973 32.369 6.5691 74.2156 -106.532 424.948 -1249.62 2560.59 
-31.6574 2764.09 -1394.11 435.542 -142.972 56 -16.179 13.6518 2.14259 8.65273 6.72473 9.03423 9.06169 10.4025 10.9326 11.9946 12.6808 13.6468 14.3867 15.3168 16.0712 16.9928 17.7385 18.6741 19.3832 20.3714 20.9829 22.1253 22.456 24.0986 23.4578 27.0528 22.2079 35.3803 7.2107 81.0485 -116.267 463.901 -1364.1 2795.2 
-33.4232 2918.27 -1471.87 459.839 -150.943 59.1292 -17.0745 14.4215 2.27167 9.14619 7.11185 9.55133 9.58142 10.9981 11.5587 12.6808 13.4062 14.4267 15.2085 16.191 16.9879 17.9613 18.7488 19.7367 20.4853 21.5283 22.1736 23.3793 23.7278 25.4613 24.7837 28.5781 23.4616 37.3673 7.6247 85.5792 -122.745 489.782 -1440.19 2951.11 
-35.8179 3127.35 -1577.32 492.794 -161.743 63.3845 -18.2744 15.4826 2.4666 9.83785 7.66179 10.2799 10.3158 11.8373 12.4413 13.6468 14.4267 15.5227 16.3625 17.4172 18.2725 19.3165 20.161 21.2198 22.0217 23.1387 23.829 25.1194 25.4906 27.3456 26.6162 30.6786 25.1911 40.0881 8.2089 91.7424 -131.514 524.89 -1543.37 3162.55 
-37.6662 3288.73 -1658.72 518.23 -170.081 66.667 -19.2029 16.2988 2.61381 10.3681 8.0822 10.8378 10.8778 12.48 13.1171 14.3867 15.2085 16.3625 17.2469 18.357 19.2574 20.3559 21.2443 22.3579 23.201 24.3752 25.1004 26.4564 26.8454 28.7943 28.0253 32.2949 26.5215 42.1841 8.65638 96.4965 -138.285 551.987 -1623 3325.75 
-39.9333 3486.68 -1758.55 549.431 -180.301 70.7006 -20.3326 17.311 2.80713 11.0328 8.61384 11.5396 11.5861 13.2886 13.9676 15.3168 16.191 17.4172 18.357 19.5359 20.4918 21.6575 22.6 23.7808 24.6743 25.9184 26.6859 28.1215 28.5314 30.5946 29.7756 34.298 28.1721 44.7718 9.21981 102.34 -146.58 585.229 -1720.68 3525.92 
-41.7683 3646.9 -1839.35 574.688 -188.574 73.9661 -21.2463 18.1309 2.96442 11.5717 9.0452 12.1088 12.1606 13.9444 14.6574 16.0712 16.9879 18.2725 19.2574 20.4918 21.4929 22.713 23.6993 24.9345 25.8688 27.1694 27.9711 29.4713 29.8981 32.0537 31.1941 35.9209 29.5097 46.8678 9.6771 107.071 -153.294 612.138 -1799.74 3687.95 
-43.9661 3838.8 -1936.13 604.94 -198.478 77.883 -22.3334 19.1218 3.16298 12.2288 9.5746 12.8045 12.8639 14.746 15.5008 16.9928 17.9613 19.3165 20.3559 21.6575 22.713 23.9985 25.0375 26.3378 27.3209 28.6889 29.5312 31.108 31.5543 33.8197 32.9106 37.881 31.1266 49.3914 10.2364 112.747 -161.328 644.371 -1894.43 3882.01 
-45.7292 3992.74 -2013.77 629.209 -206.422 81.0272 -23.2028 19.9198 3.32583 12.7598 10.0038 13.3675 13.4333 15.3948 16.1834 17.7385 18.7488 20.161 21.2443 22.6 23.6993 25.0375 26.1187 27.4713 28.4935 29.9156 30.7902 32.4283 32.8901 35.2433 34.294 39.4595 32.4293 51.4209 10.6894 117.303 -167.769 670.23 -1970.39 4037.69 
-47.9054 4182.75 -2109.59 659.167 -216.222 84.9132 -24.2696 20.9121 3.53542 13.4251 10.5442 14.0742 14.149 16.2092 17.0404 18.6741 19.7367 21.2198 22.3579 23.7808 24.9345 26.3378 27.4713 28.8885 29.9588 31.4473 32.3616 34.0749 34.5551 37.0159 36.0163 41.4214 34.0496 53.937 11.2582 122.936 -175.714 702.152 -2064.14 4229.84 
-49.5268 4324.33 -2180.99 681.491 -223.522 87.8126 -25.0597 21.6573 3.69825 13.9282 10.9553 14.6099 14.6921 16.8266 17.6902 19.3832 20.4853 22.0217 23.201 24.6743 25.8688 27.3209 28.4935 29.9588 31.0649 32.6028 33.5465 35.3155 35.8089 38.3493 37.3114 42.8943 35.2671 55.8209 11.6901 127.139 -181.628 725.942 -2133.99 4373.01 
-51.766 4519.84 -2279.58 712.321 -233.6 91.8195 -26.1471 22.6908 3.9282 14.6289 11.5294 15.3567 15.4497 17.6873 18.5962 20.3714 21.5283 23.1387 24.3752 25.9184 27.1694 28.6889 29.9156 31.4473 32.6028 34.2087 35.1926 37.0382 37.5496 40.1995 39.1082 44.9361 36.9554 58.4287 12.2918 132.949 -189.792 758.795 -2230.46 4570.73 
-53.1 4636.32 -2338.32 730.692 -239.598 94.214 -26.7856 23.3175 4.07797 15.0607 11.8874 15.8191 15.92 18.2205 19.1575 20.9829 22.1736 23.829 25.1004 26.6859 27.9711 29.5312 30.7902 32.3616 33.5465 35.1926 36.1999 38.0905 38.6117 41.3257 40.2014 46.1736 37.9806 59.9998 12.6654 136.422 -194.646 778.375 -2287.92 4688.52 
-55.6341 4857.58 -2449.9 765.586 -250.997 98.7566 -28.0063 24.4989 4.35184 15.869 12.5542 16.683 16.7976 19.2163 20.2058 22.1253 23.3793 25.1194 26.4564 28.1215 29.4713 31.108 32.4283 34.0749 35.3155 37.0382 38.0905 40.067 40.6075 43.4442 42.2581 48.5059 39.9111 62.9688 13.3618 143.009 -203.875 815.563 -2397.09 4912.28 
-56.2508 4911.43 -2477.05 774.086 -253.758 99.8793 -28.2819 24.8119 4.44797 16.099 12.7535 16.9337 17.055 19.5056 20.5108 22.456 23.7278 25.4906 26.8454 28.5314 29.8981 31.5543 32.8901 34.5551 35.8089 37.5496 38.6117 40.6075 41.1507 44.0148 42.8106 49.122 40.4253 63.7311 13.5659 144.641 -206.098 824.629 -2423.64 4966.73 
-59.8782 5228.15 -2636.77 824.036 -270.074 106.384 -30.0261 26.5066 4.84418 17.2608 13.7131 18.1759 18.3174 20.9375 22.0182 24.0986 25.4613 27.3456 28.7943 30.5946 32.0537 33.8197 35.2433 37.0159 38.3493 40.1995 41.3257 43.4442 44.0148 47.0542 45.7611 52.4664 43.1939 67.9858 14.5667 154.074 -219.306 877.863 -2579.91 5287.03 
-58.1707 5079.06 -2561.57 800.545 -262.361 103.366 -29.151 25.7732 4.73198 16.7979 13.3546 17.6933 17.8337 20.3819 21.4343 23.4578 24.7837 26.6162 28.0253 29.7756 31.1941 32.9106 34.294 36.0163 37.3114 39.1082 40.2014 42.2581 42.8106 45.7611 44.5024 51.0133 42.0017 66.0825 14.1822 149.706 -213.032 852.843 -2506.33 5136.26 
-66.2577 5785.18 -2917.66 911.895 -298.752 117.846 -33.067 29.5189 5.57774 19.3455 15.4469 20.4111 20.5921 23.5142 24.7313 27.0528 28.5781 30.6786 32.2949 34.298 35.9209 37.881 39.4595 41.4214 42.8943 44.9361 46.1736 48.5059 49.122 52.4664 51.0133 58.407 48.1169 75.5165 16.3686 170.697 -242.509 971.505 -2854.71 5850.34 
-54.7197 4777.75 -2409.6 753.076 -246.761 97.28 -27.3638 24.313 4.53078 15.8912 12.6622 16.753 16.894 19.2994 20.2973 22.2079 23.4616 25.1911 26.5215 28.1721 29.5097 31.1266 32.4293 34.0496 35.2671 36.9554 37.9806 39.9111 40.4253 43.1939 42.0017 48.1169 39.6289 62.2688 13.4337 140.902 -200.333 802.29 -2357.62 4831.56 
-84.9591 7418.08 -3741.12 1169.39 -382.904 151.337 -42.1169 38.1878 7.54156 25.2458 20.2954 26.7069 26.9826 30.7705 32.369 35.3803 37.3673 40.0881 42.1841 44.7718 46.8678 49.3914 51.4209 53.937 55.8209 58.4287 59.9998 62.9688 63.7311 67.9858 66.0825 75.5165 62.2688 97.3422 21.4327 219.247 -310.668 1245.92 -3660.36 7501.65 
-19.2109 1677.35 -846.005 264.291 -86.7785 33.9591 -9.84731 8.2496 1.26016 5.20576 4.03106 5.42815 5.44075 6.25071 6.5691 7.2107 7.6247 8.2089 8.65638 9.21981 9.6771 10.2364 10.6894 11.2582 11.6901 12.2918 12.6654 13.3618 13.5659 14.5667 14.1822 16.3686 13.4337 21.4327 4.3442 49.1577 -70.5743 281.499 -827.794 1696.22 
-190.167 16604.2 -8373.73 2617.8 -856.604 339.354 -93.5108 86.3825 17.9263 57.6898 46.7391 61.214 61.9482 70.5362 74.2156 81.0485 85.5792 91.7424 96.4965 102.34 107.071 112.747 117.303 122.936 127.139 132.949 136.422 143.009 144.641 154.074 149.706 170.697 140.902 219.247 49.1577 491.735 -694.609 2789.31 -8192.82 16791.3 
268.225 -23419.8 11810.7 -3692.66 1207.73 -479.294 131.094 -122.792 -26.3845 -82.6123 -67.3033 -87.8498 -89.0083 -101.236 -106.532 -116.267 -122.745 -131.514 -138.285 -146.58 -153.294 -161.328 -167.769 -175.714 -181.628 -189.792 -194.646 -203.875 -206.098 -219.306 -213.032 -242.509 -200.333 -310.668 -70.5743 -694.609 978.922 -3934.8 11555.4 -23683.7 
-1077.77 94103.9 -47457.5 14837.1 -4853.64 1924.79 -528.099 491.797 104.168 329.86 268.117 350.457 354.906 403.847 424.948 463.901 489.782 524.89 551.987 585.229 612.138 644.371 670.23 702.152 725.942 758.795 778.375 815.563 824.629 877.863 852.843 971.505 802.29 1245.92 281.499 2789.31 -3934.8 15809.6 -46431.9 95164.3 
3165.3 -276375 139378 -43575.4 14254.3 -5653.48 1550.29 -1445.18 -306.875 -969.833 -788.616 -1030.55 -1043.72 -1187.56 -1249.62 -1364.1 -1440.19 -1543.37 -1623 -1720.68 -1799.74 -1894.43 -1970.39 -2064.14 -2133.99 -2230.46 -2287.92 -2397.09 -2423.64 -2579.91 -2506.33 -2854.71 -2357.62 -3660.36 -827.794 -8192.82 11555.4 -46431.9 136366 -279489 
-6487.43 566443 -285662 89309.9 -29215 11586.9 -3177.65 2961.67 628.616 1987.34 1615.88 2111.7 2138.66 2433.42 2560.59 2795.2 2951.11 3162.55 3325.75 3525.92 3687.95 3882.01 4037.69 4229.84 4373.01 4570.73 4688.52 4912.28 4966.73 5287.03 5136.26 5850.34 4831.56 7501.65 1696.22 16791.3 -23683.7 95164.3 -279489 572827 
-37.0527 3235.22 -1631.55 510.091 -166.86 66.1788 -18.1481 16.9166 3.5916 11.3521 9.23066 12.0627 12.2168 13.9004 14.6269 15.9669 16.8575 18.0653 18.9975 20.1408 21.0663 22.1747 23.0638 24.1613 24.979 26.1082 26.7809 28.0588 28.3698 30.199 29.3378 33.416 27.5971 42.847 9.6894 95.9038 -135.267 543.527 -1596.29 3271.67 
3235.22 -282480 142457 -44538 14569.2 -5778.33 1584.59 -1477.04 -313.584 -991.178 -805.949 -1053.22 -1066.68 -1213.68 -1277.11 -1394.11 -1471.87 -1577.32 -1658.72 -1758.55 -1839.35 -1936.13 -2013.77 -2109.59 -2180.99 -2279.58 -2338.32 -2449.9 -2477.05 -2636.77 -2561.57 -2917.66 -2409.6 -3741.12 -846.005 -8373.73 11810.7 -47457.5 139378 -285662 
-1631.55 142457 -71842.4 22460.9 -7347.36 2914.09 -799.09 744.925 158.189 499.911 406.504 531.212 538.002 612.142 644.134 703.145 742.364 795.547 836.596 886.943 927.697 976.504 1015.66 1063.98 1099.99 1149.71 1179.33 1235.6 1249.29 1329.83 1291.9 1471.48 1215.25 1886.74 426.7 4222.99 -5956.23 23933.3 -70289.6 144062 
510.091 -44538 22460.9 -7022.2 2297.13 -911.013 249.894 -232.817 -49.3667 -156.192 -126.978 -165.956 -168.069 -191.238 -201.232 -219.673 -231.927 -248.548 -261.376 -277.112 -289.85 -305.107 -317.346 -332.454 -343.712 -359.26 -368.524 -386.12 -390.406 -415.595 -403.747 -459.9 -379.804 -589.755 -133.3 -1320.2 1862.23 -7482.49 21975.5 -45039.8 
-166.86 14569.2 -7347.36 2297.13 -751.371 298.092 -81.6422 76.2809 16.2899 51.2527 41.7139 54.4812 55.1882 62.7823 66.0651 72.1103 76.1303 81.5774 85.7824 90.9371 95.1094 100.104 104.11 109.053 112.734 117.816 120.841 126.589 127.981 136.209 132.319 150.671 124.451 193.108 43.7685 431.996 -609.063 2447.73 -7188.54 14733.4 
66.1788 -5778.33 2914.09 -911.013 298.092 -118.11 32.5255 -30.0812 -6.26119 -20.1019 -16.2938 -21.3337 -21.5916 -24.5825 -25.8649 -28.2446 -29.8228 -31.9689 -33.6244 -35.6587 -37.3056 -39.281 -40.8667 -42.8265 -44.2887 -46.3093 -47.5169 -49.8077 -50.3737 -53.6541 -52.1317 -59.434 -49.0622 -76.3233 -17.128 -171.143 241.713 -970.698 2851.13 -5843.42 
-18.1481 1584.59 -799.09 249.894 -81.6422 32.5255 -8.75 8.45074 1.94995 5.77575 4.76053 6.17034 6.26731 7.1121 7.48661 8.1601 8.61174 9.21691 9.68521 10.2549 10.7157 11.2639 11.7024 12.2404 12.6388 13.1871 13.5091 14.1246 14.2636 15.1431 14.7017 16.6764 13.8003 21.24 4.96669 47.157 -66.1086 266.314 -781.793 1602.45 
16.9166 -1477.04 744.925 -232.817 76.2809 -30.0812 8.45074 -7.52676 -1.41265 -4.9262 -3.92932 -5.19525 -5.24002 -5.9847 -6.29411 -6.88554 -7.27378 -7.80895 -8.2206 -8.73107 -9.14462 -9.64437 -10.0468 -10.5473 -10.9231 -11.4443 -11.7604 -12.3562 -12.514 -13.3687 -12.9988 -14.8878 -12.2623 -19.2598 -4.16087 -43.566 61.9284 -248.031 728.854 -1493.67 
3.5916 -313.584 158.189 -49.3667 16.2899 -6.26119 1.94995 -1.41265 -0.0857443 -0.803882 -0.565499 -0.808778 -0.794158 -0.929642 -0.974349 -1.0807 -1.14581 -1.24414 -1.31839 -1.41591 -1.49525 -1.59541 -1.67756 -1.78329 -1.86543 -1.98143 -2.05699 -2.19515 -2.24365 -2.44352 -2.38693 -2.81358 -2.28546 -3.80427 -0.635605 -9.04291 13.3098 -52.548 154.804 -317.107 
11.3521 -991.178 499.911 -156.192 51.2527 -20.1019 5.77575 -4.9262 -0.803882 -3.14296 -2.45602 -3.28839 -3.3022 -3.78672 -3.98024 -4.36421 -4.61309 -4.96194 -5.22936 -5.56462 -5.83645 -6.16783 -6.43569 -6.7712 -7.02499 -7.37835 -7.59615 -8.00383 -8.11984 -8.70578 -8.4723 -9.75719 -8.015 -12.7331 -2.62565 -29.0965 41.6663 -166.368 489.146 -1002.33 
9.23066 -805.949 406.504 -126.978 41.7139 -16.2938 4.76053 -3.92932 -0.565499 -2.45602 -1.88644 -2.55277 -2.55408 -2.93875 -3.08748 -3.39179 -3.58705 -3.86442 -4.07647 -4.34461 -4.56218 -4.8292 -5.04567 -5.31827 -5.52561 -5.81516 -5.99575 -6.33205 -6.43256 -6.91659 -6.73578 -7.79109 -6.38653 -10.2365 -2.03317 -23.5742 33.9464 -135.233 397.762 -815.017 
12.0627 -1053.22 531.212 -165.956 54.4812 -21.3337 6.17034 -5.19525 -0.808778 -3.28839 -2.55277 -3.43185 -3.44143 -3.95149 -4.15269 -4.55663 -4.81745 -5.18491 -5.4663 -5.82027 -6.10736 -6.45824 -6.7422 -7.09863 -7.36883 -7.74547 -7.97873 -8.41441 -8.54088 -9.16742 -8.92399 -10.2947 -8.4497 -13.4701 -2.73782 -30.8744 44.3086 -176.759 519.778 -1065.08 
12.2168 -1066.68 538.002 -168.069 55.1882 -21.5916 6.26731 -5.24002 -0.794158 -3.3022 -2.55408 -3.44143 -3.44832 -3.96227 -4.16361 -4.57049 -4.83263 -5.20302 -5.48649 -5.84373 -6.13352 -6.48822 -6.77544 -7.13638 -7.41032 -7.79241 -8.02965 -8.47228 -8.60212 -9.23881 -8.99484 -10.3861 -8.52088 -13.6093 -2.74418 -31.245 44.8933 -179.005 526.425 -1078.68 
13.9004 -1213.68 612.142 -191.238 62.7823 -24.5825 7.1121 -5.9847 -0.929642 -3.78672 -2.93875 -3.95149 -3.96227 -4.54981 -4.78145 -5.24675 -5.54713 -5.97045 -6.29459 -6.7024 -7.03317 -7.43748 -7.7647 -8.17547 -8.48689 -8.92101 -9.18993 -9.69215 -9.83807 -10.5603 -10.28 -11.8599 -9.73407 -15.5197 -3.1527 -35.5763 51.0604 -203.687 598.966 -1227.34 
14.6269 -1277.11 644.134 -201.232 66.0651 -25.8649 7.48661 -6.29411 -0.974349 -3.98024 -3.08748 -4.15269 -4.16361 -4.78145 -5.02483 -5.51412 -5.8299 -6.27508 -6.61595 -7.04489 -7.39282 -7.81818 -8.16246 -8.59471 -8.92247 -9.3794 -9.66254 -10.1912 -10.3451 -11.1054 -10.8109 -12.4738 -10.2374 -16.3259 -3.31329 -37.4321 53.7316 -214.331 630.27 -1291.48 
15.9669 -1394.11 703.145 -219.673 72.1103 -28.2446 8.1601 -6.88554 -1.0807 -4.36421 -3.39179 -4.55663 -4.57049 -5.24675 -5.51412 -6.04977 -6.39589 -6.88309 -7.25625 -7.72538 -8.10588 -8.5707 -8.94681 -9.41872 -9.77635 -10.2747 -10.5832 -11.1594 -11.3261 -12.1546 -11.8314 -13.6446 -11.201 -17.8447 -3.6369 -40.8782 58.6412 -233.976 688.009 -1409.8 
16.8575 -1471.87 742.364 -231.927 76.1303 -29.8228 8.61174 -7.27378 -1.14581 -4.61309 -3.58705 -4.81745 -4.83263 -5.54713 -5.8299 -6.39589 -6.76172 -7.27646 -7.67076 -8.16632 -8.56826 -9.05917 -9.45637 -9.95464 -10.3322 -10.8583 -11.1837 -11.7919 -11.9676 -12.8419 -12.5002 -14.4139 -11.8333 -18.8469 -3.84571 -43.1633 61.9082 -247.029 726.383 -1488.44 
18.0653 -1577.32 795.547 -248.548 81.5774 -31.9689 9.21691 -7.80895 -1.24414 -4.96194 -3.86442 -5.18491 -5.20302 -5.97045 -6.27508 -6.88309 -7.27646 -7.82925 -8.25282 -8.78474 -9.21614 -9.7427 -10.1686 -10.7027 -11.1071 -11.6705 -12.0187 -12.6695 -12.8567 -13.7923 -13.4244 -15.4733 -12.7056 -20.2191 -4.14036 -46.2717 66.3309 -264.736 778.419 -1595.08 
18.9975 -1658.72 836.596 -261.376 85.7824 -33.6244 9.68521 -8.2206 -1.31839 -5.22936 -4.07647 -5.4663 -5.48649 -6.29459 -6.61595 -7.25625 -7.67076 -8.25282 -8.69889 -9.25879 -9.71288 -10.2669 -10.715 -11.2767 -11.7019 -12.2942 -12.6599 -13.3438 -13.54 -14.523 -14.1351 -16.2885 -13.3766 -21.2762 -4.36606 -48.6694 69.7458 -278.402 818.583 -1677.39 
20.1408 -1758.55 886.943 -277.112 90.9371 -35.6587 10.2549 -8.73107 -1.41591 -5.56462 -4.34461 -5.82027 -5.84373 -6.7024 -7.04489 -7.72538 -8.16632 -8.78474 -9.25879 -9.85334 -10.3355 -10.9234 -11.3988 -11.9943 -12.445 -13.0724 -13.4595 -14.1836 -14.3903 -15.4309 -15.0178 -17.2987 -14.2091 -22.5813 -4.65024 -51.6164 73.9294 -295.167 867.843 -1778.34 
21.0663 -1839.35 927.697 -289.85 95.1094 -37.3056 10.7157 -9.14462 -1.49525 -5.83645 -4.56218 -6.10736 -6.13352 -7.03317 -7.39282 -8.10588 -8.56826 -9.21614 -9.71288 -10.3355 -10.8404 -11.4558 -11.9532 -12.5762 -13.0475 -13.7034 -14.1078 -14.8644 -15.0796 -16.1668 -15.7333 -18.1173 -14.8837 -23.6384 -4.88088 -54.0024 77.3154 -308.738 907.717 -1860.06 
22.1747 -1936.13 976.504 -305.107 100.104 -39.281 11.2639 -9.64437 -1.59541 -6.16783 -4.8292 -6.45824 -6.48822 -7.43748 -7.81818 -8.5707 -9.05917 -9.7427 -10.2669 -10.9234 -11.4558 -12.1042 -12.6282 -13.284 -13.7798 -14.4698 -14.8946 -15.6898 -15.9149 -17.0575 -16.599 -19.1058 -15.6992 -24.9112 -5.16296 -56.8648 81.3668 -324.994 955.471 -1957.93 
23.0638 -2013.77 1015.66 -317.346 104.11 -40.8667 11.7024 -10.0468 -1.67756 -6.43569 -5.04567 -6.7422 -6.77544 -7.7647 -8.16246 -8.94681 -9.45637 -10.1686 -10.715 -11.3988 -11.9532 -12.6282 -13.1735 -13.8557 -14.3712 -15.0885 -15.5296 -16.3558 -16.5886 -17.7755 -17.2967 -19.9019 -16.3562 -25.9347 -5.39146 -59.1629 84.6154 -338.035 993.778 -2036.44 
24.1613 -2109.59 1063.98 -332.454 109.053 -42.8265 12.2404 -10.5473 -1.78329 -6.7712 -5.31827 -7.09863 -7.13638 -8.17547 -8.59471 -9.41872 -9.95464 -10.7027 -11.2767 -11.9943 -12.5762 -13.284 -13.8557 -14.5704 -15.1103 -15.861 -16.3221 -17.1862 -17.4284 -18.6695 -18.1653 -20.8914 -17.1733 -27.2036 -5.67836 -62.0035 88.6219 -354.134 1041.06 -2133.34 
24.979 -2180.99 1099.99 -343.712 112.734 -44.2887 12.6388 -10.9231 -1.86543 -7.02499 -5.52561 -7.36883 -7.41032 -8.48689 -8.92247 -9.77635 -10.3322 -11.1071 -11.7019 -12.445 -13.0475 -13.7798 -14.3712 -15.1103 -15.6681 -16.4438 -16.9197 -17.8119 -18.0607 -19.342 -18.8185 -21.6342 -17.7874 -28.1537 -5.89617 -64.1233 91.6044 -366.131 1076.29 -2205.54 
26.1082 -2279.58 1149.71 -359.26 117.816 -46.3093 13.1871 -11.4443 -1.98143 -7.37835 -5.81516 -7.74547 -7.79241 -8.92101 -9.3794 -10.2747 -10.8583 -11.6705 -12.2942 -13.0724 -13.7034 -14.4698 -15.0885 -15.861 -16.4438 -17.2537 -17.7499 -18.6807 -18.9386 -20.2751 -19.7247 -22.6639 -18.6388 -29.4689 -6.19965 -67.0529 95.7214 -382.699 1124.93 -2305.25 
26.7809 -2338.32 1179.33 -368.524 120.841 -47.5169 13.5091 -11.7604 -2.05699 -7.59615 -5.99575 -7.97873 -8.02965 -9.18993 -9.66254 -10.5832 -11.1837 -12.0187 -12.6599 -13.4595 -14.1078 -14.8946 -15.5296 -16.3221 -16.9197 -17.7499 -18.2579 -19.2114 -19.4743 -20.8431 -20.276 -23.2881 -19.1559 -30.2612 -6.38811 -68.8046 98.169 -392.573 1153.91 -2364.65 
28.0588 -2449.9 1235.6 -386.12 126.589 -49.8077 14.1246 -12.3562 -2.19515 -8.00383 -6.33205 -8.41441 -8.47228 -9.69215 -10.1912 -11.1594 -11.7919 -12.6695 -13.3438 -14.1836 -14.8644 -15.6898 -16.3558 -17.1862 -17.8119 -18.6807 -19.2114 -20.2082 -20.4808 -21.9115 -21.3133 -24.4643 -20.1295 -31.7585 -6.73932 -72.1264 102.823 -411.326 1208.96 -2477.49 
28.3698 -2477.05 1249.29 -390.406 127.981 -50.3737 14.2636 -12.514 -2.24365 -8.11984 -6.43256 -8.54088 -8.60212 -9.83807 -10.3451 -11.3261 -11.9676 -12.8567 -13.54 -14.3903 -15.0796 -15.9149 -16.5886 -17.4284 -18.0607 -18.9386 -19.4743 -20.4808 -20.7548 -22.1992 -21.5919 -24.7749 -20.3888 -32.1429 -6.84229 -72.9493 103.944 -415.897 1222.35 -2504.94 
30.199 -2636.77 1329.83 -415.595 136.209 -53.6541 15.1431 -13.3687 -2.44352 -8.70578 -6.91659 -9.16742 -9.23881 -10.5603 -11.1054 -12.1546 -12.8419 -13.7923 -14.523 -15.4309 -16.1668 -17.0575 -17.7755 -18.6695 -19.342 -20.2751 -20.8431 -21.9115 -22.1992 -23.7321 -23.0799 -26.4616 -21.7851 -34.2886 -7.34707 -77.706 110.605 -442.742 1301.15 -2666.46 
29.3378 -2561.57 1291.9 -403.747 132.319 -52.1317 14.7017 -12.9988 -2.38693 -8.4723 -6.73578 -8.92399 -8.99484 -10.28 -10.8109 -11.8314 -12.5002 -13.4244 -14.1351 -15.0178 -15.7333 -16.599 -17.2967 -18.1653 -18.8185 -19.7247 -20.276 -21.3133 -21.5919 -23.0799 -22.445 -25.7287 -21.1837 -33.3286 -7.15314 -75.503 107.44 -430.123 1264.04 -2590.42 
